2 
57 
0 
90 35 41 87 

91 81 14 9 15 
35 24 59 
26 
22 41 
62 5 
41 95 
94 82 
70 73 
86 
95 77 5 20 
45 24 5 29 
60 
38 45 

37 
33 14 25 83 
98 58 
45 8 
73 84 59 
55 26 15 39 95 83 6 
55 99 20 37 
7 24 36 34 
71 51 
99 59 
62 15 
87 
77 43 36 
69 
20 60 
72 26 
6 38 3 96 
26 93 31 
98 19 49 80 25 
35 17 53 
52 24 64 95 
51 
10 80 8 3 
62 77 
31 46 53 
71 97 
22 15 17 
77 43 
98 
83 
37 
77 90 
76 40 27 
39 87 
54 43 38 84 65 
83 53 90 
24 73 25 
62 
81 77 1 
21 
6 23 28 
16 65 71 33 
78 76 
42 29 9 56 

65 39 96 
60 64 53 


98 79 
32 
12 
27 60 44 
34 
55 23 12 96 
94 
89 
51 61 
50 87 46 31 42 57 14 80 
61 89 
85 68 
37 41 77 
57 5 
11 
54 24 48 20 
23 53 
79 
13 
99 77 30 52 3 

75 78 
3 54 50 
5 

36 
11 74 
24 14 10 39 
35 64 73 
98 44 
37 21 47 68 97 
87 28 25 
